# Code placed in this file fill be executed every time the
# lesson is started. Any variables created here will show up in
# the user's working directory and thus be accessible to them
# throughout the lesson.

# load("CCES16_Common_OUTPUT_Feb2018_VV.RData")
# set.seed(123)
# cces <- x %>%
#   select(CC16_410a, pid7, gender, race, educ, faminc, CC16_326) %>%
#   slice_sample(n = 500)
# dput(cces)
cces <- structure(
  list(
    CC16_410a = structure(
      c(
        NA, 1L, 2L, 2L, 2L, 2L, NA, NA, 2L, 1L, NA, 1L, NA, 2L, NA, 2L,
        1L, 1L, 1L, 2L, 3L, 1L,
        2L, 2L, 2L, 1L, 1L, 2L, 2L, 1L, 1L, 1L, 1L, NA, NA, 3L, 2L, 2L,
        1L, 1L, 1L, 1L, 1L, 1L, 1L, NA, 1L, 2L, 1L, 2L, 2L, 2L, 2L, 1L,
        2L, 2L, 2L, NA, 2L, NA, 2L, NA, 1L, 1L, 1L, 1L, 1L, 1L, 1L, 1L,
        2L, 4L, NA, NA, 2L, NA, NA, 3L, 1L, 2L, 2L, 2L, 2L, 1L, 1L, 1L,
        1L, NA, 1L, 2L, 1L, 3L, 2L, 2L, 2L, 1L, NA, 1L, 2L, 1L, 2L, NA,
        1L, 1L, 2L, 1L, 2L, NA, 2L, 2L, NA, NA, 3L, 1L, NA, 1L, 2L, NA,
        NA, NA, 1L, 2L, 1L, 2L, 2L, NA, 2L, 2L, 4L, 2L, NA, 2L, 1L, 1L,
        2L, 8L, 2L, 1L, NA, 1L, 1L, NA, 3L, 2L, 1L, NA, 2L, 2L, 1L, 1L,
        2L, 2L, 2L, NA, 2L, 1L, NA, NA, 3L, 1L, NA, 1L, 2L, NA, 5L, NA,
        2L, 1L, NA, 1L, NA, 2L, NA, NA, NA, 2L, NA, 1L, 2L, 1L, 4L, 2L,
        NA, 2L, 2L, 1L, NA, NA, 2L, 1L, NA, 2L, 1L, 1L, NA, 1L, 2L, 2L,
        NA, NA, 1L, 1L, 3L, 3L, 1L, 1L, 4L, 2L, NA, 1L, 1L, NA, 1L, NA,
        NA, 2L, NA, 2L, 2L, NA, NA, 1L, 2L, 1L, 1L, 2L, NA, NA, 1L, 1L,
        NA, 2L, 8L, NA, 3L, 4L, NA, 2L, 2L, 2L, 2L, 1L, 2L, 2L, 2L, NA,
        2L, 1L, 2L, 1L, 1L, NA, 2L, 2L, NA, 2L, NA, 5L, 1L, 2L, NA, NA,
        2L, 1L, NA, NA, NA, 2L, 1L, 2L, 1L, 2L, NA, NA, 2L, 2L, 1L, 1L,
        NA, 2L, 2L, NA, NA, 2L, 2L, 2L, 1L, 1L, NA, 1L, 2L, 2L, NA, 2L,
        1L, 2L, NA, NA, NA, 2L, 5L, NA, 2L, 1L, NA, 2L, 2L, 2L, 8L, 1L,
        2L, 1L, NA, 2L, 2L, NA, 1L, 2L, NA, 1L, 1L, 2L, 1L, 6L, NA, NA,
        2L, 1L, 1L, NA, 2L, 2L, 2L, NA, 1L, 2L, 1L, NA, 5L, 2L, 1L, 1L,
        4L, NA, 3L, NA, NA, 2L, 2L, NA, 2L, NA, 2L, 1L, 1L, NA, 2L, 5L,
        2L, NA, 2L, NA, 2L, 3L, NA, 1L, NA, 2L, 1L, 1L, 1L, 1L, 2L, 1L,
        NA, 1L, NA, 2L, 2L, NA, NA, NA, NA, 1L, 1L, 2L, 1L, NA, 1L, 2L,
        NA, 1L, 5L, 4L, 2L, NA, 1L, NA, 2L, 1L, 2L, NA, 1L, 1L, 3L, NA,
        2L, 2L, NA, NA, 2L, 1L, 1L, 2L, 2L, 2L, 2L, NA, NA, NA, 1L, 1L,
        4L, 1L, 1L, 1L, NA, 5L, NA, NA, NA, 1L, 1L, 1L, 2L, 1L, 2L, NA,
        NA, NA, 1L, 2L, 2L, 2L, NA, 2L, NA, 1L, NA, 1L, NA, 2L, 2L, 2L,
        NA, NA, 2L, 1L, 1L, 1L, 2L, 2L, NA, NA, 3L, NA, NA, 2L, 1L, NA,
        2L, 1L, NA, 2L, 5L, 2L, NA, 2L, 1L, NA, 2L, 6L, NA, 1L, 2L, 2L,
        NA, 2L, 2L, NA, 2L, 1L, 2L, 2L, 1L, NA, NA, NA, 2L, NA
      ),
      .Label = c(
        "Donald Trump (Republican)",
        "Hillary Clinton (Democrat)",
        "Gary Johnson (Libertarian)",
        "Jill Stein (Green)",
        "Other",
        "I didn't vote in this election",
        "I'm not sure",
        "Evan McMullin (Independent)",
        "Skipped", "Not Asked"
      ), comment = "President vote", class = c(
        "ordered",
        "factor"
      )
    ), pid7 = structure(c(
      1L, 5L, 1L, 3L, 1L, 1L, 5L, 5L,
      4L, 7L, 3L, 2L, 7L, 1L, 4L, 1L, 5L, 2L, 7L, 2L, 5L, 4L, 1L, 2L,
      1L, 5L, 5L, 1L, 4L, 6L, 3L, 6L, 7L, 8L, 6L, 4L, 4L, 1L, 5L, 4L,
      5L, 2L, 7L, 1L, 4L, 6L, 4L, 1L, 5L, 1L, 1L, 1L, 6L, 6L, 3L, 1L,
      3L, 7L, 1L, 3L, 1L, 4L, 6L, 7L, 7L, 6L, 5L, 6L, 6L, 7L, 1L, 4L,
      6L, 7L, 1L, 4L, 2L, 5L, 5L, 1L, 2L, 1L, 1L, 5L, 7L, 7L, 6L, 1L,
      6L, 1L, 4L, 2L, 8L, 1L, 2L, 2L, 2L, 6L, 2L, 7L, 1L, 6L, 5L, 5L,
      2L, 4L, 3L, 2L, 2L, 4L, 3L, 2L, 4L, 6L, 2L, 4L, 1L, 5L, 1L, 6L,
      7L, 1L, 4L, 5L, 2L, 4L, 1L, 6L, 7L, 7L, 4L, 2L, 6L, 6L, 1L, 4L,
      1L, 6L, 1L, 4L, 7L, 2L, 5L, 1L, 5L, 1L, 1L, 1L, 5L, 6L, 1L, 1L,
      6L, 6L, 1L, 6L, 4L, 7L, 6L, 6L, 7L, 5L, 3L, 2L, 4L, 4L, 2L, 6L,
      3L, 7L, 1L, 1L, 4L, 3L, 1L, 1L, 2L, 6L, 8L, 7L, 4L, 3L, 7L, 2L,
      2L, 4L, 6L, 2L, 1L, 3L, 2L, 6L, 6L, 7L, 4L, 7L, 2L, 1L, 7L, 1L,
      7L, 6L, 4L, 4L, 4L, 7L, 3L, 1L, 2L, 2L, 5L, 4L, 4L, 4L, 2L, 2L,
      2L, 1L, 1L, 4L, 2L, 4L, 1L, 7L, 6L, 2L, 4L, 4L, 4L, 4L, 4L, 2L,
      5L, 1L, 7L, 3L, 2L, 1L, 1L, 2L, 2L, 5L, 1L, 2L, 1L, 2L, 1L, 3L,
      4L, 5L, 5L, 6L, 2L, 1L, 2L, 1L, 8L, 2L, 5L, 4L, 2L, 7L, 1L, 7L,
      7L, 4L, 8L, 3L, 6L, 2L, 4L, 1L, 7L, 1L, 4L, 2L, 5L, 6L, 4L, 1L,
      1L, 1L, 4L, 3L, 2L, 3L, 7L, 7L, 3L, 4L, 1L, 2L, 5L, 3L, 6L, 1L,
      2L, 1L, 6L, 1L, 4L, 1L, 3L, 4L, 8L, 3L, 4L, 1L, 7L, 6L, 1L, 6L,
      4L, 3L, 1L, 4L, 7L, 3L, 1L, 5L, 6L, 1L, 7L, 5L, 3L, 5L, 1L, 4L,
      4L, 2L, 3L, 1L, 2L, 1L, 7L, 4L, 6L, 6L, 4L, 1L, 5L, 5L, 4L, 1L,
      4L, 5L, 2L, 3L, 1L, 7L, 1L, 3L, 1L, 4L, 7L, 4L, 2L, 5L, 1L, 1L,
      1L, 2L, 2L, 3L, 1L, 6L, 4L, 6L, 6L, 7L, 6L, 6L, 3L, 7L, 4L, 5L,
      4L, 4L, 1L, 3L, 4L, 1L, 3L, 7L, 5L, 2L, 4L, 4L, 7L, 2L, 1L, 6L,
      5L, 3L, 4L, 3L, 7L, 2L, 1L, 7L, 1L, 3L, 7L, 7L, 4L, 6L, 3L, 2L,
      2L, 4L, 3L, 6L, 7L, 1L, 1L, 4L, 2L, 1L, 2L, 2L, 7L, 7L, 3L, 7L,
      5L, 5L, 2L, 4L, 4L, 6L, 4L, 5L, 7L, 6L, 2L, 6L, 1L, 2L, 1L, 6L,
      2L, 2L, 2L, 1L, 3L, 1L, 4L, 4L, 7L, 5L, 2L, 1L, 1L, 3L, 3L, 1L,
      1L, 7L, 7L, 7L, 4L, 3L, 2L, 1L, 4L, 4L, 1L, 2L, 7L, 3L, 3L, 4L,
      2L, 1L, 2L, 1L, 1L, 4L, 7L, 4L, 1L, 4L, 7L, 4L, 3L, 1L, 3L, 1L,
      2L, 6L, 1L, 6L, 1L, 4L, 7L, 4L, 3L, 6L, 1L, 4L
    ), .Label = c(
      "Strong Democrat", "Not very strong Democrat", "Lean Democrat",
      "Independent", "Lean Republican",
      "Not very strong Republican", "Strong Republican", "Not sure",
      "Skipped", "Not Asked"
    ), comment = "7 point Party ID", class = c(
      "ordered",
      "factor"
    )),
    gender = structure(c(
      2L, 1L, 2L, 1L, 2L, 1L, 2L, 1L, 2L,
      1L, 1L, 1L, 2L, 2L, 2L, 1L, 1L, 2L, 2L, 2L, 2L, 1L, 2L, 2L,
      1L, 2L, 1L, 1L, 2L, 1L, 1L, 1L, 1L, 2L, 2L, 1L, 2L, 2L, 1L,
      2L, 1L, 1L, 1L, 2L, 2L, 1L, 1L, 1L, 2L, 2L, 2L, 1L, 1L, 1L,
      2L, 2L, 1L, 1L, 2L, 2L, 1L, 1L, 2L, 2L, 1L, 2L, 1L, 1L, 2L,
      1L, 2L, 1L, 2L, 2L, 2L, 1L, 2L, 1L, 2L, 1L, 1L, 1L, 2L, 2L,
      2L, 2L, 1L, 1L, 2L, 1L, 2L, 2L, 2L, 2L, 2L, 2L, 2L, 2L, 2L,
      2L, 2L, 1L, 1L, 1L, 2L, 2L, 1L, 2L, 1L, 2L, 2L, 1L, 1L, 1L,
      2L, 1L, 2L, 2L, 1L, 2L, 2L, 2L, 2L, 2L, 2L, 2L, 2L, 2L, 1L,
      1L, 1L, 1L, 2L, 1L, 2L, 2L, 2L, 1L, 1L, 2L, 2L, 2L, 1L, 2L,
      1L, 1L, 2L, 2L, 2L, 2L, 1L, 2L, 1L, 1L, 2L, 2L, 2L, 2L, 2L,
      1L, 1L, 1L, 1L, 1L, 2L, 2L, 2L, 2L, 2L, 1L, 1L, 1L, 1L, 2L,
      2L, 1L, 2L, 2L, 2L, 2L, 1L, 2L, 1L, 2L, 2L, 1L, 1L, 2L, 1L,
      2L, 2L, 2L, 2L, 1L, 2L, 2L, 2L, 2L, 1L, 2L, 2L, 2L, 2L, 2L,
      2L, 2L, 2L, 2L, 2L, 2L, 1L, 2L, 1L, 2L, 2L, 2L, 1L, 1L, 1L,
      1L, 2L, 2L, 2L, 1L, 2L, 2L, 1L, 2L, 1L, 1L, 1L, 1L, 2L, 1L,
      2L, 2L, 1L, 2L, 2L, 1L, 1L, 1L, 2L, 1L, 2L, 2L, 2L, 2L, 2L,
      2L, 2L, 1L, 2L, 2L, 2L, 2L, 1L, 1L, 1L, 2L, 2L, 2L, 2L, 2L,
      1L, 2L, 2L, 2L, 1L, 2L, 2L, 1L, 1L, 2L, 2L, 1L, 1L, 2L, 2L,
      1L, 2L, 2L, 1L, 1L, 1L, 2L, 2L, 1L, 2L, 2L, 2L, 2L, 1L, 1L,
      1L, 1L, 1L, 1L, 1L, 2L, 1L, 2L, 2L, 1L, 2L, 1L, 1L, 1L, 1L,
      2L, 1L, 1L, 1L, 2L, 1L, 2L, 2L, 1L, 2L, 1L, 2L, 1L, 2L, 2L,
      1L, 1L, 2L, 1L, 1L, 1L, 1L, 1L, 1L, 2L, 2L, 1L, 2L, 2L, 2L,
      2L, 2L, 1L, 1L, 1L, 2L, 1L, 2L, 2L, 2L, 1L, 1L, 1L, 2L, 1L,
      1L, 1L, 2L, 2L, 2L, 1L, 1L, 2L, 1L, 2L, 2L, 1L, 2L, 1L, 2L,
      2L, 2L, 1L, 1L, 1L, 2L, 1L, 2L, 2L, 2L, 2L, 2L, 1L, 2L, 1L,
      2L, 1L, 1L, 1L, 2L, 1L, 2L, 1L, 1L, 2L, 1L, 2L, 1L, 1L, 2L,
      1L, 2L, 2L, 2L, 2L, 2L, 1L, 1L, 1L, 2L, 1L, 1L, 1L, 2L, 2L,
      2L, 1L, 2L, 1L, 2L, 1L, 1L, 1L, 2L, 1L, 1L, 2L, 1L, 2L, 1L,
      1L, 1L, 2L, 1L, 2L, 1L, 2L, 1L, 2L, 2L, 2L, 2L, 2L, 2L, 2L,
      1L, 1L, 2L, 2L, 2L, 2L, 1L, 2L, 2L, 2L, 2L, 1L, 2L, 1L, 2L,
      1L, 2L, 1L, 1L, 2L, 1L, 1L, 2L, 2L, 1L, 2L, 2L, 1L, 2L, 2L,
      2L, 2L, 1L, 2L, 2L, 1L, 1L, 1L, 2L, 2L, 1L, 1L, 1L, 2L, 2L,
      2L, 2L, 2L, 2L, 1L, 2L, 1L, 1L, 1L, 2L, 1L
    ), .Label = c(
      "Male",
      "Female", "Skipped", "Not Asked"
    ),